0000000000000000000000000000000101
0000000000000000000000000000000110
0100000000000000000000000000000000
0000000000000000000000000000000010
0000000000000000000000000101010110
1001111111111111111111111111111111
0100000000000000000000000000000000
0000000000000000100011000000100010
0000000000000000000000000000000010
0011111111111111111111111111111110
1010000000000000000000000000000000
1001111111111111111111111111111111
0001110000000000000000000000000111
0011101111111111111111111111111110
0010001111111111111111111111111000
0000000000000000000000000000000001
0100000000000000000000000000000000
0100000000000000000000000000000000